---
- added: 8
  cycles: 2
  error: Failed to open TCP connection to api.github.com:443 (execution expired)
  removed: 8
  seconds: 112.852976964
  version: 0.21.0
  what: judges-summary
  when: 2024-08-01 14:17:17.319380998 Z
- _id: 1
  _time: 2024-08-01 14:15:24.679898108 Z
  _version: 0.2.1/0.21.0/0.0.39
  total_releases: 233
  total_repositories: 6
  what: dimensions-of-terrain
  when: 2024-08-01 14:15:24.680111056 Z
- _id: 7
  _time: 2024-08-01 14:15:59.837448907 Z
  _version: 0.2.1/0.21.0/0.0.39
  latest: 0
  repository: 820463873
  what: labels-were-scanned
  where: github
- _id: 8
  _time: 2024-08-01 14:15:59.840313279 Z
  _version: 0.2.1/0.21.0/0.0.39
  what: quality-of-service
  when: 2024-08-01 14:15:59.840450185 Z
- _id: 9
  _time: 2024-08-01 14:16:28.474601313 Z
  _version: 0.2.1/0.21.0/0.0.39
  what: quantity-of-deliverables
  when: 2024-08-01 14:16:28.474784777 Z
- _id: 10
  _time: 2024-08-01 14:17:01.153835232 Z
  _version: 0.2.1/0.21.0/0.0.39
  latest: 0
  repository: 799113787
  what: labels-were-scanned
  where: github
- _id: 11
  _time: 2024-08-01 14:17:01.345289117 Z
  _version: 0.2.1/0.21.0/0.0.39
  latest: 0
  repository: 798641472
  what: labels-were-scanned
  where: github
- _id: 12
  _time: 2024-08-01 14:17:01.544898326 Z
  _version: 0.2.1/0.21.0/0.0.39
  latest: 0
  repository: 799177290
  what: labels-were-scanned
  where: github
- _id: 13
  _time: 2024-08-01 14:17:02.115504320 Z
  _version: 0.2.1/0.21.0/0.0.39
  latest: 0
  repository: 802720676
  what: labels-were-scanned
  where: github
- _id: 14
  _time: 2024-08-01 14:17:02.312358045 Z
  _version: 0.2.1/0.21.0/0.0.39
  latest: 0
  repository: 728758275
  what: labels-were-scanned
  where: github
